# R script for Peak Model
#  -- generated by MACS
p <- c(0.0249722775448,0.029091611811,0.0334672180247,0.0374821452012,0.0412218173231,0.0410224946973,0.0413167328592,0.0409845284829,0.0413262244128,0.0410889355726,0.0410984271262,0.0411079186798,0.0409180876076,0.040956053822,0.0412028342159,0.041126901787,0.0413926652881,0.0415540216994,0.0410319862509,0.0413641906272,0.0413831737344,0.0415540216994,0.041516055485,0.0415540216994,0.0412787666447,0.0410604609117,0.0410224946973,0.0413641906272,0.0418292767541,0.0417913105396,0.0419621585046,0.0418957176293,0.0424177530778,0.0425221601675,0.0431391111521,0.0432435182418,0.043262501349,0.0435472479573,0.0430347040624,0.0428828392046,0.0425126686139,0.0422563966665,0.0417153781107,0.0422374135592,0.0422563966665,0.0421994473448,0.0423797868634,0.0423987699706,0.0430062294015,0.042825889883,0.0432245351346,0.0434713155284,0.043746570583,0.0431296195985,0.0426360588108,0.0431486027057,0.0429872462943,0.0429302969727,0.0427214827933,0.0429872462943,0.0432055520273,0.0434238577603,0.0432530097954,0.0433953830995,0.0436041972789,0.0433953830995,0.0432530097954,0.0431486027057,0.0430821618304,0.0431770773665,0.0429397885263,0.043044195616,0.0433384337779,0.043699112815,0.0440313171913,0.0440787749593,0.0442496229243,0.044354030014,0.0445438610862,0.0443445384604,0.0442306398171,0.0442780975851,0.0440977580666,0.0440787749593,0.0444394539965,0.0443919962284,0.0441547073882,0.0445818273006,0.0449140316769,0.0452557276068,0.0454170840182,0.0452842022677,0.0453316600357,0.0453791178038,0.0449140316769,0.0453506431429,0.0459960687883,0.0455119995543,0.0454740333398,0.045398100911,0.0454075924646,0.0452936938213,0.0454835248935,0.0454835248935,0.0457397968409,0.0453221684821,0.0452747107141,0.0452367444996,0.0448760654625,0.0448286076944,0.0450469134274,0.0453411515893,0.0457872546089,0.0457777630553,0.0457303052873,0.0461858998605,0.0462808153966,0.0464136971471,0.0467174268626,0.0474767511513,0.0478184470812,0.0485777713699,0.0481126852431,0.0482835332081,0.0482076007792,0.0481411599039,0.0478184470812,0.0480082781534,0.0481601430111,0.0475526835802,0.0477899724204,0.0472109876503,0.04731539474,0.0473438694008,0.0475052258121,0.0476001413482,0.0478753964029,0.0477140399915,0.0475431920266,0.0476855653307,0.0471255636678,0.0466889522018,0.0468787832739,0.0470211565781,0.0468692917203,0.04697369881,0.0470686143461,0.0475242089193,0.0479323457245,0.0479418372781,0.0478089555276,0.0483689571905,0.0485492967091,0.048406923405,0.0492137054617,0.0493370956586,0.0492326885689,0.0488150602101,0.0486442122452,0.048672686906,0.0489669250679,0.048625229138,0.0485777713699,0.0484353980658,0.0482645501008,0.0486631953524,0.0488055686565,0.0490998068184,0.0492231970153,0.0494889605164,0.0494320111947,0.0498876057679,0.0493086209978,0.0501154030546,0.0498496395535,0.0491852308009,0.0496028591597,0.0491852308009,0.0491662476937,0.0495269267308,0.0497262493566,0.0496218422669,0.0500394706257,0.0493560787658,0.0496123507133,0.0499065888752,0.0494699774092,0.0499920128576,0.0501723523762,0.0499255719824,0.0498970973216,0.0502672679123,0.0505045567525,0.0505804891814,0.0503242172339,0.0509316766649,0.0512354063804,0.0515771023103,0.0516435431856,0.0511309992907,0.0509886259866,0.0506754047175,0.050979134433,0.0511499823979,0.0515391360959,0.0508367611288,0.0506943878247,0.0504381158773,0.0503432003412,0.0509696428793,0.0514062543454,0.0517384587217,0.0515676107567,0.0515486276495,0.051634051632,0.0517004925072,0.052070663098,0.0527635465114,0.0522604941701,0.0527635465114,0.0528774451547,0.0527635465114,0.0529249029228,0.0534184637104,0.0531432086558,0.0536177863362,0.0532571072991,0.0528110042795,0.0530767677805,0.0520421884371,0.0522225279557,0.0524123590279,0.0525167661176,0.0524028674743,0.0533140566207,0.0529628691372,0.0530103269052,0.0534943961393,0.0539974484806,0.0546143994651,0.0543581275177,0.0543581275177,0.0543676190713,0.0545479585899,0.0541208386775,0.0543201613033,0.0546713487868,0.0541018555703,0.0545384670363,0.0544055852857,0.0548706714126,0.055345249093,0.055345249093,0.0554401646291,0.0552218588961,0.0558103352198,0.0557723690054,0.0565316932941,0.0562564382395,0.0568828807776,0.0565411848477,0.056171014257,0.0565032186333,0.0567784736879,0.0573194922436,0.057528306423,0.0579933925499,0.0578889854602,0.0580408503179,0.058135765854,0.0584679702303,0.0587052590705,0.058743225285,0.0589330563571,0.0595025495737,0.0596354313242,0.0604042471665,0.0609642488294,0.0618374717614,0.0626537453718,0.0631567977131,0.0632706963564,0.063982562877,0.0646279885224,0.0643147672533,0.0643337503606,0.0638686642337,0.063061882177,0.0629100173192,0.0624354396388,0.0628720511048,0.0640395121987,0.0639445966626,0.0636883247152,0.0641344277348,0.0648178195946,0.065244939507,0.0665927401195,0.0673900306226,0.0682917282154,0.0685480001629,0.0687378312351,0.07017105583,0.071044278762,0.0718795354796,0.0723256384992,0.0736354728972,0.0746036113653,0.0748883579736,0.0752490370107,0.0763975149974,0.0773371788046,0.0776788747346,0.0779731128964,0.0784856567913,0.0790361669006,0.079026675347,0.079026675347,0.0800897293512,0.0810104100513,0.0810578678193,0.0805263408172,0.0804124421739,0.0810958340337,0.081333122874,0.0815419370533,0.0820449893946,0.0825575332895,0.0820924471627,0.0823487191101,0.0831460096132,0.0843704200288,0.0851582189783,0.0850727949958,0.085091778103,0.0852721176216,0.0853955078185,0.0853765247113,0.0862592391969,0.086354154733,0.0865819520196,0.0867338168774,0.0860504250175,0.0866768675557,0.0870375465929,0.0871324621289,0.0875216158269,0.0883853472053,0.0883283978836,0.0882619570084,0.0879961935073,0.0882429739012,0.0890877221724,0.0892111123693,0.0899229788899,0.0902456917126,0.0899894197652,0.0899894197652,0.0899514535508,0.0900368775332,0.0907297609467,0.0906158623034,0.0912233217343,0.0918972220406,0.0927989196334,0.0939473976201,0.0953901137686,0.0957318096985,0.096908762346,0.0978199514925,0.0972504582759,0.0975352048842,0.0977535106172,0.0977914768316,0.0973928315801,0.0971460511862,0.0967948637027,0.0964152015584,0.0957792674666,0.0956179110552,0.0964816424336,0.096861304578,0.0972504582759,0.0973738484729,0.0980572403327,0.0978674092605,0.0978863923677,0.0990063956936,0.0993386000699,0.0998226693039,0.100078941251,0.100373179413,0.0999460595008,0.100458603396,0.0998606355184,0.100610468253,0.101445724971,0.101787420901,0.102148099938,0.102385388778,0.102309456349,0.102280981689,0.103201662389,0.102413863439,0.102907424227,0.102973865102,0.102736576262,0.10302132287,0.103163696174,0.10346742589,0.10394200357,0.104359631929,0.104055902213,0.105280312629,0.105963704489,0.105925738274,0.106172518668,0.106210484883,0.106979300725,0.106969809171,0.107377945977,0.107444386852,0.107871506764,0.107909472979,0.108146761819,0.108678288821,0.109684393503,0.109542020199,0.109494562431,0.110282361381,0.110519650221,0.111639653547,0.11301592882,0.114686442255,0.115293901686,0.115597631402,0.116470854334,0.117514925231,0.118577979235,0.119830864311,0.120552222386,0.121150190263,0.121643751051,0.121207139585,0.122374600678,0.123684435076,0.124149521203,0.125260032976,0.126503426498,0.126436985623,0.127841735557,0.128857331793,0.129540723653,0.130727167854,0.131904120502,0.133508193062,0.134096669385,0.134780061245,0.135093282514,0.136877694593,0.137266848291,0.138994311048,0.139364481638,0.14010482282,0.140266179231,0.140759740019,0.141984150434,0.143237035511,0.144451954373,0.145239753322,0.147005182293,0.147195013366,0.148894001462,0.149966547019,0.151447229382,0.15309875971,0.154104864393,0.155215376165,0.156354362598,0.156828940278,0.158451995946,0.160948274545,0.162020820103,0.164403200058,0.164839811524,0.166187612137,0.167972024215,0.169357791042,0.17182559498,0.173524583076,0.17421746649,0.174207974936,0.17479645126,0.17619170964,0.178593072703,0.179826974673,0.180624265176,0.182256812397,0.18226630395,0.183841901849,0.185389025087,0.186452079092,0.188407339135,0.189888021498,0.191226330557,0.192033112614,