# R script for Peak Model
#  -- generated by MACS
p <- c(0.0208785218007,0.0243251349233,0.0281197234093,0.0315166257658,0.0353609250179,0.0349300983776,0.0347312553128,0.0345158419927,0.035195222464,0.0353940655287,0.0354437762949,0.0352946439963,0.0353609250179,0.0355431978273,0.0356591896151,0.0362557188094,0.036487702385,0.0356426193597,0.0355763383381,0.0355597680827,0.0358911731907,0.0360071649784,0.0357420408921,0.0360568757446,0.0358083219137,0.0354272060395,0.0356260491043,0.0365705536619,0.0362722890648,0.036073446,0.0364545618742,0.0367362562159,0.0370013803023,0.0368025372375,0.0364711321296,0.0364545618742,0.0361894377878,0.0367031157051,0.0369516695361,0.0367031157051,0.036321999831,0.035907743446,0.0357917516583,0.0355929085935,0.0362557188094,0.0362722890648,0.0365374131511,0.0362557188094,0.036073446,0.0366202644281,0.0363717105972,0.0370013803023,0.0368191074929,0.0370676613239,0.0370345208131,0.0373162151548,0.0367859669821,0.0363551403418,0.0363882808526,0.0363717105972,0.0368522480037,0.0367196859605,0.0366534049389,0.0366865454497,0.0365374131511,0.0365208428958,0.037365925921,0.037697331029,0.0381447279247,0.0384429925218,0.0387081166082,0.0385921248204,0.0387246868636,0.0390063812054,0.0388903894176,0.03898981095,0.0384595627772,0.0386749760974,0.0387246868636,0.0383104304787,0.0387743976298,0.0388738191622,0.0390229514608,0.0388903894176,0.0388738191622,0.0387743976298,0.0386749760974,0.038492703288,0.0382275792017,0.0383601412449,0.0382275792017,0.0384264222664,0.0387081166082,0.0387246868636,0.0393874970795,0.0401000180616,0.0404148529141,0.0408291092991,0.0412765061948,0.0415913410473,0.0409285308314,0.0406468364897,0.0404645636803,0.0403982826587,0.0401828693386,0.0393874970795,0.0394206375903,0.0387578273744,0.0387743976298,0.0387909678852,0.0395034888673,0.0395863401443,0.0398183237198,0.0397686129536,0.0399011749968,0.0401000180616,0.0405639852127,0.04107766313,0.0408456795545,0.040911960576,0.0404977041911,0.0406302662343,0.0412102251732,0.0417073328351,0.0414587790042,0.0421381594755,0.0420387379431,0.0426021266266,0.0433477881195,0.0431158045439,0.0433477881195,0.0431655153101,0.042370143051,0.0423867133064,0.0425192753496,0.0424032835618,0.0421215892201,0.0410445226192,0.0405308447019,0.0412599359394,0.0410942333854,0.0415084897704,0.0421878702416,0.0420387379431,0.0425027050942,0.0420387379431,0.0421547297308,0.0433643583749,0.0433809286303,0.0429335317345,0.0431820855655,0.0435134906734,0.0433809286303,0.0437620445044,0.0438117552706,0.0440603091015,0.0443751439541,0.0443088629325,0.045120805447,0.0454190700441,0.0453030782563,0.0454356402995,0.0455682023427,0.0455682023427,0.0456013428535,0.04608188026,0.0459658884722,0.046247582814,0.0453693592779,0.0452699377456,0.0456676238751,0.0455350618319,0.0455350618319,0.0454190700441,0.0450876649362,0.0449219623822,0.044789400339,0.0442425819109,0.0445905572743,0.0451870864686,0.0449053921268,0.0451705162132,0.0453527890225,0.0458001859183,0.0457504751521,0.0459493182168,0.0457670454075,0.0461813017924,0.046413285368,0.0459658884722,0.0466286986881,0.0465458474111,0.0463967151126,0.0461813017924,0.0466618391989,0.0467612607313,0.0474737817134,0.0476394842674,0.0479377488645,0.0480537406523,0.0477223355444,0.0478880380983,0.0475069222242,0.047291508904,0.0472583683932,0.0470429550731,0.0471258063501,0.0468109714975,0.0462144423032,0.0460155992384,0.045999028983,0.0459327479614,0.045999028983,0.0461978720478,0.0462641530694,0.046247582814,0.0466452689435,0.0465789879219,0.0471920873716,0.0481365919293,0.0481697324401,0.0485342780588,0.0489651046992,0.0496610554258,0.0498101877244,0.0506884112605,0.050207873854,0.0505724194727,0.0506884112605,0.0508209733037,0.0513180809656,0.0515169240304,0.0527431229298,0.0521631639908,0.0523951475664,0.0522460152678,0.0528756849729,0.0529751065053,0.052709982419,0.0528591147175,0.0536213464658,0.053671057232,0.0530910982931,0.0532568008471,0.0534722141672,0.0538864705522,0.0537041977428,0.0538036192752,0.0543338674479,0.0544995700019,0.0538864705522,0.0539527515738,0.0534887844226,0.0544829997465,0.0545824212789,0.0540521731061,0.0548972561314,0.0555932068581,0.0561565955416,0.0556760581351,0.056173165797,0.056421719628,0.0574325052072,0.0577307698044,0.0579296128691,0.0584101502756,0.0582775882325,0.0580290344015,0.0578633318475,0.0587084148728,0.0582278774663,0.0591226712577,0.0587746958944,0.0583935800202,0.058426720531,0.058840976916,0.0594872168765,0.0599014732614,0.0603654404125,0.0601168865816,0.0610282506284,0.0612768044594,0.0617076310997,0.0619230444199,0.0621053172293,0.06213845774,0.0621881685062,0.0624864331034,0.0630166812761,0.0633812268949,0.0636463509812,0.0632983756179,0.0644582934957,0.0649885416684,0.0658667652045,0.066181600057,0.0662975918448,0.0665461456757,0.0664964349096,0.0674409394672,0.0679049066183,0.0693962296041,0.0696613536904,0.0705064367157,0.0706389987589,0.0719646191907,0.0722131730216,0.073936479583,0.0754443728241,0.0755603646119,0.076190034317,0.0757923481875,0.0759746209968,0.0772671009178,0.0782944567525,0.0780790434323,0.0788744156914,0.0779299111337,0.0775156547488,0.0782613162417,0.0783110270079,0.0781121839431,0.0795537961627,0.0791726802885,0.0792389613101,0.0798023499936,0.0810119786376,0.082486731368,0.0831164010731,0.0820890452385,0.0823707395802,0.0837129302674,0.0832323928609,0.0830832605623,0.0833815251594,0.0834643764364,0.0831329713285,0.0830335497961,0.083613508735,0.084988839933,0.0853699558071,0.0849722696776,0.0854693773395,0.0862481793432,0.0866458654727,0.0869607003253,0.0870766921131,0.0870932623685,0.0870269813469,0.0874246674764,0.0876897915628,0.0884685935664,0.088452023311,0.0883857422894,0.0880543371815,0.088452023311,0.0890982632715,0.0888165689298,0.0885017340772,0.0888828499514,0.0899267760414,0.089744503232,0.0902581811493,0.0903907431925,0.0905564457465,0.0915175205595,0.0917495041351,0.0924288846064,0.0936053727396,0.0933402486533,0.0925945871604,0.0931082650777,0.0926774384374,0.0928597112467,0.093787645549,0.0936385132504,0.093953348103,0.0939699183584,0.0935888024842,0.0941853316785,0.0949807039376,0.0951464064916,0.0957926464521,0.0967868617759,0.0970685561177,0.0969857048407,0.0965880187111,0.0972342586716,0.0976816555674,0.097333680204,0.0974331017364,0.0975656637796,0.0980130606753,0.0986924411466,0.0996038051934,0.100498598985,0.101260830733,0.102371037845,0.103182980359,0.104541741302,0.10548624586,0.10573479969,0.105602237647,0.104823435644,0.104707443856,0.104492030536,0.103912071597,0.103978352618,0.103878931086,0.104541741302,0.104309757726,0.105469675604,0.105950213011,0.10674558527,0.107540957529,0.108286619022,0.109579098943,0.109463107155,0.110424181968,0.111385256781,0.113091993087,0.11365538177,0.114251910965,0.114417613519,0.114931291436,0.115776374461,0.117333978469,0.118510466602,0.118477326091,0.11761567281,0.117234556936,0.118179061494,0.119653814224,0.12010121112,0.121128566955,0.121393691041,0.12197364998,0.122437617131,0.123696956541,0.124459188289,0.125851089743,0.126348197405,0.126994437365,0.128088074221,0.129198281333,0.130258777679,0.130805596107,0.131567827855,0.13324142365,0.135014440978,0.135627540427,0.136340061409,0.137748533118,0.139223285849,0.139836385298,0.142222502075,0.143630973784,0.146066801328,0.146414776691,0.147939240188,0.149380852407,0.149529984706,0.148850604234,0.149148868832,0.150689902583,0.15156812612,0.152794325019,0.152926887062,0.155081020264,0.156704905293,0.157715690872,0.159554989221,0.161328006549,0.163432428984,0.163531850516,0.164426644308,0.164459784819,0.165719124229,0.166680199042,0.167525282067,0.168204662538,0.169845117823,0.171137597744,0.172562639708,0.17431908678,0.175081318528,0.176522930748,0.177782270158,0.17766627837,0.179091320335,0.181079750982,0.182753346777,0.183747562101,0.183631570313,0.185520579429,0.18745929931,0.189066614084,0.190027688897,0.191750995458,0.191784135969,0.192712070271,0.193871988149,0.196672361311,0.200301247243,0.201494305632,0.203333603981,0.205305464373,