# R script for Peak Model
#  -- generated by MACS
p <- c(0.0191417988297,0.0224708073219,0.0254841339742,0.0289853325608,0.0324865311473,0.0324004361001,0.0330031014306,0.0330891964778,0.0330604981287,0.0331465931759,0.0332039898741,0.0339214486008,0.0340362419971,0.0333187832704,0.0324291344492,0.0325726261945,0.032343039402,0.0324865311473,0.0321421509585,0.0322569443548,0.0320560559113,0.0312525021373,0.0312812004864,0.0324004361001,0.0332900849213,0.0338353535536,0.0336344651101,0.0338927502518,0.0341797337425,0.0343232254878,0.0341797337425,0.0346389073276,0.0349258908183,0.0342658287897,0.0343519238369,0.0342945271387,0.0343519238369,0.0343232254878,0.0339214486008,0.0337779568555,0.0345528122804,0.0336631634592,0.0332613865722,0.0332039898741,0.0332613865722,0.0328596096852,0.0329744030815,0.0321995476566,0.0328883080343,0.032371737751,0.0322282460057,0.0324865311473,0.0330604981287,0.0336057667611,0.0339501469499,0.0349545891673,0.0351554776108,0.0363895066209,0.0369921719513,0.037279155442,0.037279155442,0.0382548993104,0.0381975026123,0.0384557877539,0.0379679158197,0.0371930603948,0.0369060769041,0.0359590313848,0.0353276677053,0.0357294445922,0.036446903319,0.035643349545,0.0361312214792,0.0355285561488,0.0353850644034,0.0357007462432,0.0362460148755,0.0366764901116,0.0371069653476,0.0370208703004,0.0363608082718,0.037279155442,0.0371356636967,0.0373365521402,0.0374226471874,0.0374800438855,0.0375661389327,0.0375087422346,0.0373652504892,0.0381688042632,0.0382548993104,0.0379679158197,0.0375661389327,0.0374800438855,0.0383122960085,0.0386279778483,0.038513184452,0.0388575646409,0.0385992794992,0.0383409943576,0.038484486103,0.0391158497825,0.0398046101602,0.0406081639342,0.0404933705379,0.0402637837453,0.0408377507267,0.0409238457739,0.0419856846895,0.0426744450672,0.0426170483691,0.0427031434163,0.0424735566237,0.0427605401144,0.0424735566237,0.0429614285579,0.0430762219542,0.0433058087467,0.0427031434163,0.0422152714821,0.042186573133,0.0419569863404,0.0421004780858,0.0416987011988,0.0419282879914,0.0416700028497,0.0418708912932,0.0415839078025,0.0421004780858,0.0418995896423,0.0422439698311,0.0420430813877,0.04258835002,0.0422439698311,0.04258835002,0.0426170483691,0.0433345070958,0.04382237903,0.043420602143,0.0439371724263,0.0438797757281,0.0440232674735,0.0437075856337,0.0443676476623,0.044654631153,0.0450277096909,0.0446833295021,0.0443963460114,0.0449990113419,0.0454868832761,0.0459747552103,0.0466635155879,0.04752446606,0.0482993214849,0.0484141148812,0.0486724000228,0.0484428132303,0.0484428132303,0.0487010983719,0.0482419247868,0.0480410363433,0.04752446606,0.0476105611073,0.0464913254935,0.045888660163,0.0465774205407,0.0469504990786,0.047926242947,0.0480410363433,0.0490167802117,0.0493898587496,0.0494759537968,0.0488445901173,0.0492463670042,0.0498777306838,0.0494185570987,0.049562048844,0.049562048844,0.0495046521459,0.0493324620515,0.0487584950701,0.0490167802117,0.0497629372875,0.0500212224291,0.0498490323347,0.0496194455422,0.0498777306838,0.0501934125236,0.0507099828068,0.0506812844577,0.0513700448354,0.052001408515,0.0518866151187,0.0522883920057,0.0523170903547,0.0531493424778,0.0532641358741,0.0531780408268,0.0530058507324,0.0533502309213,0.0534363259685,0.053235437525,0.0531493424778,0.053637214412,0.0538954995536,0.0535224210157,0.052833660638,0.0523170903547,0.0531493424778,0.0539241979027,0.0550434335164,0.0558756856394,0.0559330823376,0.0557321938941,0.0568801278569,0.056937524555,0.0575975865836,0.0583437436595,0.0566792394134,0.0562774625264,0.0559043839885,0.056105272432,0.0569662229041,0.0570523179513,0.0564209542718,0.0573966981401,0.057339301442,0.0576549832818,0.0586307271502,0.058975107339,0.0591759957825,0.0586307271502,0.0593194875278,0.0596064710185,0.0605248181888,0.0601804379999,0.0605248181888,0.0603239297453,0.0599508512074,0.0598934545092,0.0600369462546,0.0611848802174,0.0609265950758,0.0609552934248,0.0602952313962,0.0612996736137,0.0625624009728,0.0632511613504,0.0650591573419,0.0646286821058,0.0648869672474,0.0641982068698,0.0654896325779,0.0661496946065,0.0672115335221,0.0667236615879,0.0664653764463,0.0661783929556,0.0660635995593,0.0664079797481,0.0664079797481,0.0676707071072,0.0664366780972,0.0667236615879,0.0662070913047,0.0662357896537,0.0662070913047,0.0669245500314,0.067154136824,0.0681298806924,0.0686464509756,0.0681872773905,0.0685603559284,0.0688760377682,0.0695934964949,0.0695074014477,0.0703109552217,0.0719180627696,0.0716310792789,0.0710571122975,0.0718606660715,0.0730659967324,0.0730659967324,0.0732668851759,0.0730659967324,0.0747878976766,0.0747305009785,0.0735825670157,0.0741852323461,0.0753905630071,0.0752757696108,0.074931389422,0.0750748811673,0.0742713273933,0.0754479597052,0.0746444059313,0.0754766580543,0.0762515134792,0.0767967821115,0.0776003358855,0.0788343648955,0.0796379186695,0.0814459146609,0.0832252123032,0.0832826090014,0.084373146266,0.0845453363604,0.0857793653704,0.0867551092388,0.0880752332961,0.0887352953247,0.0885631052302,0.0883335184377,0.0893092623061,0.0902850061744,0.0911746549956,0.0920356054677,0.0921217005149,0.0922651922603,0.091748621977,0.0914042417882,0.0930400476852,0.0932409361287,0.0930687460342,0.0930113493361,0.0943314733933,0.0943601717424,0.094589758535,0.0953646139599,0.0950776304692,0.0957663908468,0.094618456884,0.094618456884,0.0934992212703,0.0943601717424,0.0932696344777,0.0941018866008,0.094589758535,0.0953359156108,0.0955368040543,0.0956802957996,0.0963403578282,0.0978326719799,0.100157238255,0.100788601934,0.100214634953,0.100673808538,0.10030073,0.101075585425,0.101793044152,0.102653994624,0.102969676463,0.105035957596,0.1049211642,0.104720275757,0.106384780003,0.106671763493,0.107504015616,0.106901350286,0.108049284249,0.106815255239,0.107274428824,0.104720275757,0.105208147691,0.106183891559,0.106671763493,0.106872651937,0.107217032126,0.107647507362,0.108364966089,0.110546040618,0.112124449817,0.114649904535,0.114965586375,0.11450641279,0.114276825997,0.113932445808,0.114592507837,0.114276825997,0.113674160667,0.111952259722,0.112296639911,0.111636577883,0.112181846515,0.112870606893,0.114248127648,0.114994284724,0.115367363262,0.11665878897,0.118323293216,0.120848747934,0.120619161142,0.120274780953,0.121135731425,0.121795793453,0.121480111614,0.121107033076,0.121566206661,0.12159490501,0.122140173642,0.121422714915,0.122226268689,0.123288107605,0.123689884492,0.124809120106,0.126416227654,0.127965938503,0.129085174117,0.130778376712,0.130950566807,0.131725422232,0.131926310675,0.132127199119,0.132988149591,0.134365670346,0.134652653837,0.13703461681,0.137235505253,0.137866868933,0.137752075536,0.13918699299,0.141942034501,0.144065712332,0.144553584266,0.144840567757,0.145730216578,0.144352695822,0.146045898418,0.146734658795,0.149174018466,0.150379349127,0.151383791345,0.152962200543,0.152990898893,0.155286766818,0.156606890875,0.159361932386,0.162116973897,0.16294922602,0.164240651728,0.166880899842,0.165962552672,0.166220837814,0.169549846306,0.170525590174,0.171214350552,0.172649268006,0.172333586166,0.174141582157,0.173309330034,0.173653710223,0.174887739233,0.176093069894,0.175806086403,0.175576499611,0.177097512111,0.177786272489,0.179077698197,0.181230074378,0.184817368011,0.185362636644,0.186280983814,0.18702714089,0.188634248438,0.189983070844,0.190040467542,0.191905860232,0.192365033817,0.192020653628,0.19196325693,0.193886046317,0.195378360469,0.197415943253,0.198994352452,0.199884001273,0.20338519986,0.203930468492,0.204848815662,0.205250592549,0.207316873682,0.206915096795,0.209010076277,0.208694394438,0.209985820146,0.213113940194,0.212884353402,0.214548857648,0.216500345385,0.217131709064,0.217992659536,0.218250944678,0.219599767084,0.220719002698,0.223359250812,0.222670490435,0.225569023691,0.225138548455,0.226286482418,0.231107805061,0.230734726523,0.23607261945,0.237421441857,0.239631214735,0.239344231244,0.242615843038,0.243591586907,0.246174438323,0.24872859139,0.248412909551,0.25151233125,