# R script for Peak Model
#  -- generated by MACS
p <- c(0.0199319690834,0.0228195292091,0.0260816917294,0.0290785108868,0.0322938481078,0.0322626312416,0.0321065469104,0.0325123661713,0.03190363728,0.0321377637767,0.0318568119807,0.032184589076,0.0326216252031,0.033027444464,0.033448872158,0.0331523119289,0.033167920362,0.0332615709607,0.0330742697634,0.0332303540945,0.0336361733554,0.0340888179156,0.0333864384256,0.032746492668,0.0326528420693,0.0330898781965,0.0330742697634,0.033448872158,0.0343073359792,0.0344790287434,0.0340107757501,0.0335113058905,0.0341356432149,0.0348848480043,0.0349941070361,0.0344790287434,0.0349160648705,0.0346507215076,0.0341356432149,0.0339015167183,0.0346038962083,0.0352438419659,0.0350721492016,0.0349316733036,0.0349004564374,0.0349316733036,0.0345882877752,0.0350409323354,0.0356028359274,0.0354467515963,0.0349472817367,0.0342761191129,0.0344478118772,0.0349004564374,0.0343697697116,0.0348536311381,0.0351657998003,0.0352126250996,0.0349004564374,0.0356340527937,0.0357745286917,0.0364769081817,0.0362739985512,0.0367578599777,0.0373978057353,0.0372729382704,0.0371792876717,0.0370232033406,0.0369295527419,0.0362271732519,0.0360398720546,0.0361179142201,0.0357433118254,0.0349004564374,0.0351501913672,0.0357589202585,0.0358057455579,0.0355560106281,0.0357901371248,0.036102305787,0.0363208238506,0.0360554804877,0.0364144744492,0.0366954262452,0.0361179142201,0.0360866973539,0.0363208238506,0.0366486009459,0.0360086551883,0.0360398720546,0.0363208238506,0.0366798178121,0.0369607696081,0.036804685277,0.0372885467035,0.0373509804359,0.0377724081299,0.0382562695564,0.0389586490464,0.039458118906,0.039739070702,0.0399107634662,0.0403477995933,0.040722401988,0.0409253116185,0.0405038839245,0.0400356309311,0.040020022498,0.0397546791351,0.0400044140649,0.0392708177086,0.0386620888173,0.0385060044862,0.0386776972504,0.0386464803842,0.0393488598742,0.0396298116702,0.0392708177086,0.0393956851735,0.0394112936066,0.0402385405616,0.0410189622171,0.0413935646118,0.041565257376,0.0413779561787,0.0409409200516,0.0412374802807,0.0412999140131,0.0420022935032,0.041565257376,0.0414559983443,0.0420959441018,0.0413935646118,0.0407380104211,0.0412062634145,0.0409097031854,0.0414403899111,0.0412686971469,0.0413779561787,0.0418774260383,0.0416745164078,0.0411906549814,0.0422208115667,0.0432665765852,0.0430012332223,0.0435943536805,0.0428607573243,0.0432665765852,0.0432977934514,0.043375835617,0.0432509681521,0.0429075826236,0.0424393296303,0.0423768958978,0.0427358898594,0.042673456127,0.0426578476938,0.0424549380634,0.0421115525349,0.0422208115667,0.0423456790316,0.0428451488912,0.042954407923,0.0428919741905,0.0434382693494,0.0439533476421,0.0444528175017,0.0451395885586,0.0450459379599,0.0445620765335,0.045342498189,0.0457951427493,0.0463102210419,0.0462321788764,0.0463570463413,0.0463102210419,0.0461229198446,0.0461073114115,0.0464663053731,0.0474808535253,0.0476837631558,0.04715307643,0.0469345583664,0.0473559860604,0.0470906426975,0.0474808535253,0.0480271486842,0.0479022812193,0.0486827028749,0.0484329679451,0.0487139197411,0.0491041305689,0.0491509558682,0.0488856125054,0.048979263104,0.0487295281742,0.0489012209385,0.0490260884034,0.0492289980338,0.0488856125054,0.0485734438431,0.048698311308,0.0497596847596,0.0500250281225,0.0500874618549,0.0500562449887,0.0500874618549,0.0501030702881,0.0494787329636,0.0496192088616,0.0496972510272,0.0494162992311,0.0492446064669,0.0495723835623,0.0498377269252,0.0503059799185,0.0503996305172,0.0511332268734,0.0518980400959,0.0525535942866,0.0527096786177,0.0531467147448,0.0524287268217,0.0522414256243,0.0518980400959,0.0519448653952,0.0519760822614,0.0518043894972,0.0516795220323,0.0513673533701,0.0512893112045,0.0508210582112,0.0509615341092,0.0513673533701,0.052054124427,0.0524287268217,0.0526940701846,0.0529906304137,0.0531311063117,0.0537086183368,0.0542080881964,0.0542705219288,0.0543641725275,0.0544266062599,0.0544109978268,0.0545202568586,0.0551602026162,0.0554411544122,0.0555816303102,0.0559250158387,0.0565181362969,0.0571580820545,0.0578292446783,0.0587189253656,0.0589998771616,0.059046702461,0.0589218349961,0.0593120458239,0.0602017265112,0.0598271241165,0.0599832084477,0.0598583409828,0.060310985543,0.0602485518106,0.060872889135,0.061153840931,0.0608416722688,0.0605607204728,0.0602797686768,0.0607480216701,0.0610445818992,0.0620435216184,0.0622776481151,0.0627927264077,0.0628395517071,0.0630736782037,0.0633078047004,0.0644003950182,0.0645720877825,0.0645720877825,0.0652432504062,0.0657427202658,0.0667572684181,0.0666167925201,0.0669445696154,0.0680215515001,0.0685210213597,0.068708322557,0.0694575273464,0.0705501176642,0.0707686357277,0.0714241899184,0.0715802742495,0.0724699549369,0.0725479971025,0.0723919127713,0.0731567259938,0.0743741837765,0.0744210090758,0.0748268283367,0.0746863524387,0.0746239187063,0.0745614849738,0.0744210090758,0.0752482560307,0.0763096294823,0.0772773523352,0.0775739125644,0.0790254968437,0.0797434847669,0.080180520894,0.0805707317218,0.0816945389058,0.0828807798223,0.0829432135547,0.0832709906501,0.0841138460381,0.0840514123057,0.0847069664963,0.0859088158459,0.0861273339095,0.0865331531704,0.0868765386988,0.0870482314631,0.0886559000736,0.0887651591053,0.0882344723796,0.0889056350033,0.0882500808127,0.0872199242273,0.0881408217809,0.0892334120987,0.0900294421874,0.0908722975754,0.0913093337025,0.0925267914852,0.093338430007,0.0932447794084,0.0939783757646,0.0949460986175,0.0967410684253,0.0966474178267,0.096132339534,0.0964445081962,0.097256146718,0.0961635564002,0.0967566768585,0.0972093214187,0.0970376286545,0.0970376286545,0.0950553576493,0.0960542973684,0.0971000623869,0.0967878937247,0.0966786346929,0.0974122310491,0.0975214900809,0.0980677852398,0.0984267792014,0.0990979418252,0.100143706844,0.100143706844,0.100018839379,0.100814869467,0.0995037610861,0.100939736932,0.101532857391,0.101876242919,0.102672273008,0.103390260931,0.104545284981,0.104732586178,0.10604369456,0.106340254789,0.107823055935,0.106761682483,0.106855333082,0.10599686926,0.106980200547,0.106668031884,0.106402688521,0.107323586075,0.105903218662,0.105981260827,0.105715917464,0.106074911426,0.106340254789,0.107604537871,0.107542104139,0.108447393259,0.109524375144,0.109742893207,0.109945802838,0.109774110073,0.110648182328,0.110835483525,0.110523314863,0.11046088113,0.110304796799,0.11071061606,0.110289188366,0.110648182328,0.111928073843,0.112848971396,0.113582567753,0.114300555676,0.116423302579,0.117562718196,0.118124621788,0.118218272387,0.119529380768,0.119029910909,0.119669856666,0.120309802424,0.120575145787,0.121324350576,0.12059075422,0.119997633762,0.120512712054,0.121386784308,0.121199483111,0.121449218041,0.120778055417,0.122182814397,0.122057946932,0.12340027218,0.124586513096,0.126006880509,0.126693651566,0.12716190456,0.126990211796,0.129596820125,0.132312687487,0.132125386289,0.133498928403,0.134263741625,0.134216916326,0.135434374109,0.136043103,0.137088868019,0.139398916119,0.140772458233,0.140710024501,0.141865048551,0.142739120805,0.143535150894,0.144643349645,0.144939909874,0.146329060421,0.148170855528,0.148842018152,0.148451807324,0.148920060317,0.149981433769,0.151276933717,0.153009469792,0.15435179504,0.15645893351,0.15811342742,0.158425596082,0.159924005661,0.161188288743,0.163467119977,0.164450451263,0.165902035543,0.165855210243,0.166854149962,0.168055999312,0.169445149859,0.170725041374,0.171349378699,0.172785354545,0.174377414722,0.175548047206,0.17637529416,0.179965233776,0.182634275838,0.183118137265,0.185147233569,0.185615486562,0.186739293746,0.187129504574,0.188659131019,0.19021997433,0.190672618891,0.190859920088,0.19092235382,0.192686106762,0.192951450125,0.193950389844,0.196010703015,0.199054347472,0.200677624515,0.202238467826,0.2040646545,0.204579732793,0.205625497811,0.206499570066,0.208310148307,0.211463051795,0.212774160177,0.213398497501,0.213554581832,0.214990557678,0.216535792556,0.217987376836,0.220672027331,0.223887364552,