# R script for Peak Model
#  -- generated by MACS
p <- c(0.0229060711697,0.0264338774995,0.0303934083802,0.0344392841711,0.038707189731,0.0385344999106,0.0386578497823,0.0385344999106,0.0393486090637,0.039151249269,0.0396816537172,0.0403847479857,0.0400887082937,0.039965358422,0.0395706388327,0.0400023633835,0.0397926686017,0.0397556636402,0.0393362740765,0.0396939887044,0.0392005892177,0.0386825197566,0.0390525693717,0.0391759192433,0.0391759192433,0.038781199654,0.0385961748465,0.0394349539738,0.0400023633835,0.0394596239482,0.0394102839995,0.0394226189867,0.039373279038,0.0394226189867,0.0393362740765,0.0396199787814,0.0398050035889,0.0394719589353,0.0392499291663,0.0398296735632,0.039743328653,0.0398296735632,0.0402367281397,0.0398050035889,0.0403354080371,0.0399776934092,0.0402367281397,0.039965358422,0.0401257132552,0.0400517033322,0.0400763733065,0.0403970829729,0.0400517033322,0.0401380482424,0.039743328653,0.0397926686017,0.0397063236915,0.0394596239482,0.0394226189867,0.0393609440508,0.0394349539738,0.0391635842562,0.0396199787814,0.0396323137685,0.0396199787814,0.0399160184734,0.0398666785247,0.0401503832295,0.040039368345,0.0401380482424,0.0404340879344,0.0409768273698,0.0410508372928,0.0413838819463,0.0413098720233,0.0416305816896,0.0416059117153,0.0411988571388,0.0413345419976,0.0415689067538,0.0414085519206,0.0411248472158,0.0409274874211,0.0410878422543,0.0417539315613,0.0416429166768,0.041655251664,0.042173321125,0.042173321125,0.042173321125,0.0425557057272,0.0429504253165,0.0427900704834,0.0427037255732,0.042469360817,0.0427407305347,0.0431724550855,0.0434808297647,0.0440112342129,0.0439248893027,0.0436411845979,0.0434808297647,0.0438385443926,0.0439618942642,0.0435301697134,0.0438632143669,0.0437028595337,0.0436165146236,0.0433204749315,0.043357479893,0.0439125543156,0.0439372242899,0.0436041796364,0.0435548396877,0.0435795096621,0.042691390586,0.0427777354962,0.042617380663,0.0427407305347,0.0429380903294,0.0427407305347,0.0428024054705,0.0425557057272,0.0430737751882,0.0432341300214,0.0439865642386,0.0437645344696,0.0443319438793,0.0442949389178,0.0442702689434,0.0445539736483,0.0445539736483,0.0452077279681,0.0447019934943,0.0452077279681,0.044899353289,0.0448623483275,0.0443566138536,0.0445786436226,0.0446773235199,0.0445416386611,0.0445046336996,0.0442579339563,0.0446156485841,0.0444182887894,0.0447266634686,0.045269402904,0.0454050877628,0.0453804177885,0.0455037676602,0.0450843780965,0.045047373135,0.0451460530323,0.0452940728783,0.0457998073522,0.0454667626987,0.0453927527756,0.045343412827,0.0456517875062,0.0455037676602,0.0462932068389,0.0463425467875,0.0469716311331,0.0467372663769,0.0465152366079,0.0469469611587,0.0466385864795,0.0469346261716,0.0462808718517,0.0464288916977,0.0459231572238,0.0467372663769,0.0459971671468,0.045787472365,0.0456641224933,0.04541742275,0.0452940728783,0.0451830579938,0.0451460530323,0.0443936188151,0.0444306237766,0.0435054997391,0.0441222490974,0.0442455989691,0.0440729091487,0.0442332639819,0.0446649885328,0.0448870183018,0.0449610282248,0.0457504674035,0.0460341721083,0.0466262514924,0.0458738172752,0.0464042217234,0.0471443209534,0.0468482812614,0.0471813259149,0.0468606162486,0.0470456410561,0.0474156906711,0.0474773656069,0.0475267055556,0.0477487353246,0.0477857402861,0.0473046757866,0.0478350802348,0.048143454914,0.048587514452,0.0490439089772,0.0484641645803,0.0486861943493,0.048217464837,0.0487725392595,0.0483284797215,0.0485751794648,0.0484888345546,0.0485011695418,0.0483778196701,0.0479090901578,0.0482668047856,0.0481064499525,0.0484641645803,0.048217464837,0.0486738593622,0.0489698990542,0.0492659387462,0.0495373084639,0.0499443630404,0.0507461372063,0.0511408567956,0.0506967972576,0.0505364424244,0.0509434970009,0.0510298419111,0.051609586308,0.0513998915261,0.0513258816031,0.0516712612438,0.0520043058973,0.0521153207818,0.0530034398579,0.0534104944344,0.0541135887029,0.054705668087,0.0542122686003,0.0551867325865,0.0554210973427,0.054927697856,0.0550387127405,0.0550387127405,0.0547180030741,0.0551003876763,0.0544836383179,0.0543726234334,0.0547426730485,0.0539285638954,0.0536941991392,0.0541382586773,0.0537928790366,0.0533734894729,0.0538175490109,0.0542739435361,0.0548043479843,0.0549523678303,0.0549153628688,0.0558651568807,0.055889826855,0.0558281519192,0.0560871866497,0.0571726655204,0.0571850005076,0.0570369806616,0.0570123106872,0.0574810401996,0.0575303801483,0.0575427151354,0.0579744396863,0.0579744396863,0.0579991096606,0.0582704793783,0.0592942833132,0.0592202733902,0.0594916431079,0.0590229135955,0.0598616927229,0.0605401170171,0.0606387969144,0.0609471715936,0.0613172212086,0.0614282360931,0.0609718415679,0.0614405710803,0.0621683353232,0.0630811243736,0.0632168092324,0.0633154891297,0.0639569084624,0.0648450275385,0.065326092038,0.0654247719353,0.0659551763835,0.0669666453313,0.0679534443046,0.0683851688555,0.0687428834833,0.0690389231754,0.069384302816,0.0706794764686,0.0714565806601,0.071666275442,0.072554394518,0.0732574887866,0.0732821587609,0.0742936277086,0.0746390073493,0.0750707319002,0.0762672256554,0.0763165656041,0.0771676797186,0.0780557987946,0.077488389385,0.0778461040128,0.0782531585893,0.0781174737305,0.0785491982813,0.0787712280504,0.0787095531145,0.0786478781787,0.0783641734738,0.0784258484097,0.0791289426782,0.0791412776654,0.0787588930632,0.0791289426782,0.0791782826269,0.0792152875884,0.0794126473831,0.079190617614,0.0794003123959,0.0800293967414,0.0799183818569,0.0798813768954,0.0806584810869,0.0804364513179,0.0815959401117,0.0818673098293,0.0818303048678,0.0830884735589,0.0835695380584,0.0841122774938,0.0851114114543,0.0858515106844,0.0856911558512,0.0858145057229,0.0856294809154,0.0862215602994,0.0866162798888,0.0862709002481,0.0853211062362,0.0854937960565,0.0857898357485,0.0853334412234,0.0862955702224,0.0866779548246,0.0872576992215,0.0878004386568,0.0886638877585,0.0887378976815,0.0903907859619,0.0906251507181,0.0906744906668,0.0914515948583,0.0903784509748,0.090908855423,0.0905634757823,0.0907731705641,0.0906374857053,0.0909581953716,0.090982865346,0.0905758107695,0.0907238306155,0.0906498206925,0.091500934807,0.092019004268,0.0929811332671,0.0930921481516,0.0934745327538,0.0936595575613,0.093782907433,0.0947327014448,0.0950164061497,0.0954357957134,0.0965829495199,0.0963362497766,0.0962252348921,0.0966692944301,0.0960525450717,0.0971503589296,0.0970023390836,0.0969159941734,0.0973107137628,0.0968419842504,0.0959662001616,0.0964595996483,0.0960895500332,0.0954604656877,0.0958551852771,0.0950534111112,0.095485135662,0.0957318354054,0.0959908701359,0.0967803093146,0.0983961926335,0.0987539072614,0.0998270511449,0.101430599477,0.102207703668,0.102910797937,0.103231507603,0.104156631641,0.104859725909,0.106364594344,0.105328455422,0.105007745755,0.105439470306,0.105254445499,0.105797184934,0.106364594344,0.107980477663,0.108375197252,0.108424537201,0.1089056017,0.110879199647,0.112223713248,0.112421073043,0.112729447722,0.113728581682,0.114258986131,0.114641370733,0.115171775181,0.116392938911,0.116158574154,0.115763854565,0.116540958757,0.118193847037,0.119772725394,0.120475819663,0.121277593829,0.122030028046,0.123386876634,0.124447685531,0.12566884926,0.12714904772,0.129036300757,0.129973759782,0.130923553794,0.132576442074,0.134525370047,0.135635518892,0.136141253365,0.136696327788,0.137843481595,0.138287541133,0.138571245837,0.138891955504,0.139854084503,0.140717533605,0.141025908284,0.141075248232,0.142703466538,0.144566049601,0.144973104177,0.146576652509,0.147390761662,0.148204870815,0.149598724365,0.1506225283,0.151856027017,0.153977644809,0.154964443783,0.156740681935,0.159368034201,0.160564527957,0.161872036596,0.164203349171,0.165634207682,0.16664567663,0.167694150539,0.168816634372,0.169840438307,0.170124143011,0.170148812986,0.172270430778,0.17396032402,0.175132147801,0.176316306569,0.177599145235,0.179437058323,0.180584212129,0.182533140102,0.184827447715,0.186122621367,0.188145559263,0.189576417774,0.19120463608,