# R script for Peak Model
#  -- generated by MACS
p <- c(0.0194438776281,0.0230762503718,0.0266475748341,0.0297762992562,0.0333170995778,0.0335918168442,0.0337749616884,0.034019154814,0.0349196169648,0.0352095963015,0.0355148377085,0.0356216722009,0.0359421756783,0.036186368804,0.0360795343115,0.0365984447035,0.0365221343517,0.0363237274371,0.0364610860703,0.0366137067738,0.0369952585326,0.0363084653668,0.0363237274371,0.0366137067738,0.0367205412663,0.0366442309145,0.0372852378693,0.0375599551356,0.0378499344723,0.0382314862311,0.0379720310351,0.0387503966231,0.039223520804,0.0391014242411,0.0395898104924,0.039009851819,0.0388419690452,0.0387503966231,0.0385214655678,0.0381551758793,0.0377888861909,0.0374378585728,0.0369952585326,0.037010520603,0.0370715688844,0.0377278379095,0.0377278379095,0.0378957206834,0.0381704379497,0.0380941275979,0.0386435621306,0.0391624725226,0.039223520804,0.039788217407,0.0402155553768,0.0404444864321,0.0405818450653,0.0409939209648,0.0408870864723,0.0413144244421,0.0416959762009,0.0423675072964,0.042306459015,0.0423980314371,0.0415738796381,0.0419706934673,0.042001217608,0.0415738796381,0.0413144244421,0.0416654520602,0.0409328726834,0.0405513209246,0.0400629346733,0.0401392450251,0.0408260381909,0.0414975692864,0.0423827693668,0.0422911969447,0.0427490590552,0.0429322038994,0.0434816384321,0.0435426867135,0.0441836936683,0.0436800453467,0.0440921212462,0.0431763970251,0.0422911969447,0.0432069211658,0.0425964383517,0.0419401693266,0.0414975692864,0.0411160175276,0.0419249072562,0.0426880107738,0.0429322038994,0.0431611349547,0.0434053280803,0.0427643211256,0.0431000866733,0.0439700246833,0.044214217809,0.0450994178894,0.0441989557386,0.0445805074974,0.0443210523014,0.0445957695678,0.0453283489447,0.0456183282813,0.046167762814,0.0461372386733,0.0466408869949,0.0466256249245,0.0475260870753,0.0475413491457,0.0469766525426,0.0466408869949,0.04642721801,0.0466561490653,0.0468392939095,0.0470987491055,0.0474039905125,0.0471445353165,0.0472208456683,0.0469766525426,0.0477244939899,0.0479839491859,0.0479534250451,0.0481365698894,0.0483197147336,0.0484418112964,0.0487165285627,0.0490065078994,0.0491591286029,0.0491743906733,0.0490522941105,0.0499680183316,0.0507463839195,0.0507463839195,0.0505479770049,0.0505174528642,0.05033430802,0.0501816873165,0.050593763216,0.0509600529044,0.0513263425929,0.0503495700904,0.0502732597386,0.0505479770049,0.0501664252462,0.0499985424723,0.0501816873165,0.0506395494271,0.049769611417,0.0497848734874,0.0498001355577,0.050899004623,0.0505327149346,0.0512652943115,0.0518757771255,0.0528525496281,0.0529593841205,0.0527609772059,0.0530204324019,0.0528372875577,0.0529288599798,0.0527151909949,0.0527762392763,0.0518910391959,0.0521504943919,0.0513263425929,0.0512958184522,0.0517842047034,0.0521199702512,0.0523336392361,0.0521199702512,0.0523336392361,0.0523794254472,0.052806763417,0.0532341013868,0.0536461772863,0.0540124669748,0.0534325083014,0.0536461772863,0.05337146002,0.0539819428341,0.0542566601004,0.0545313773667,0.0546076877185,0.0542719221708,0.0542871842411,0.0549892394773,0.0555539360803,0.0558286533466,0.0568512120602,0.0573243362411,0.0571717155376,0.0571869776079,0.0581942742512,0.0588047570652,0.059140522613,0.0588352812059,0.0589573777687,0.0592015708944,0.0587589708542,0.0578737707738,0.0581179638994,0.0584079432361,0.0576753638592,0.0573548603818,0.0576906259296,0.0577364121406,0.0584842535878,0.0581637501105,0.0584995156582,0.0594762881607,0.0594305019497,0.0595068123014,0.059751005427,0.0603309641004,0.0603157020301,0.0607430399999,0.0604072744522,0.0600867709748,0.0604988468743,0.0608803986331,0.0607277779296,0.0615366676582,0.0620403159798,0.0625744884421,0.0626355367235,0.0626355367235,0.0626202746532,0.063825978211,0.0642685782512,0.0643754127436,0.0641922678994,0.0643754127436,0.0640549092662,0.0645890817285,0.0648332748542,0.0650316817687,0.0657032128642,0.0658558335677,0.0656726887235,0.0658405714974,0.0665884129446,0.0665273646632,0.0671836336883,0.0666799853667,0.0671836336883,0.0675957095878,0.0675346613064,0.0677178061506,0.0676567578692,0.0677635923617,0.0682367165426,0.0681146199798,0.0682672406833,0.0684809096682,0.0688319372863,0.0689845579898,0.0689692959195,0.0691066545527,0.0698850201406,0.0697934477185,0.0700223787738,0.0705565512361,0.0720064479195,0.0727695514371,0.0717317306532,0.07246431003,0.072723765226,0.0733952963215,0.0738836825727,0.0744941653868,0.075242006834,0.0754098896079,0.0741736619094,0.0738989446431,0.0753946275376,0.0749062412863,0.0758067034371,0.0756693448039,0.0758219655074,0.076066158633,0.0759287999999,0.0762950896883,0.0765087586732,0.0772718621908,0.0771955518391,0.0777602484421,0.0783096829747,0.0795459106732,0.0794085520401,0.0794848623918,0.0791490968441,0.0789964761406,0.0803853245426,0.0803548004019,0.0816826005225,0.0817589108742,0.0824457040401,0.0825220143918,0.0841245317788,0.0849639456481,0.0864596285426,0.0876195458893,0.0883673873365,0.0891152287838,0.0904125047637,0.0919234497285,0.0937701602411,0.0946553603215,0.0948842913767,0.0959678983717,0.0961663052863,0.0974330571255,0.0976467261104,0.0982877330652,0.0971736019295,0.0974941054069,0.0969599329446,0.0974635812662,0.0990203124421,0.0991271469345,0.100103919437,0.100531257407,0.101157002291,0.102316919638,0.104423085347,0.10546090613,0.105354071638,0.105720361326,0.105048830231,0.105216713005,0.105354071638,0.105583002693,0.105277761286,0.104194154291,0.102698471397,0.101813271316,0.101889581668,0.101904843739,0.102026940301,0.102912140382,0.103843126673,0.104209416362,0.105247237146,0.106407154492,0.107429713206,0.107902837387,0.108375961568,0.108208078794,0.108635416764,0.108360699497,0.10759759598,0.108009671879,0.107948623598,0.107673906331,0.107887575316,0.107857051176,0.107918099457,0.109383258211,0.109398520281,0.109367996141,0.110039527236,0.110344768643,0.111123134231,0.112847748181,0.114221334512,0.114908127678,0.115976472603,0.115167582874,0.116419072643,0.117258486512,0.116861672683,0.117716348623,0.117273748583,0.116831148543,0.11629697608,0.117197438231,0.117762134834,0.119822514331,0.119563059135,0.119914086754,0.121135052382,0.121531866211,0.122203397306,0.12278335598,0.123332790512,0.124156942311,0.123607507779,0.123271742231,0.124523232,0.125133714814,0.125042142392,0.125301597588,0.12711778396,0.127468811578,0.128476108221,0.128582942713,0.129773384201,0.130261770452,0.131009611899,0.132108480965,0.132902108623,0.133359970733,0.133008943115,0.13407728804,0.134641984643,0.135237205387,0.135878212341,0.13668710207,0.13668710207,0.137434943517,0.138732219497,0.138991674693,0.139022198834,0.139541109226,0.140395785166,0.140395785166,0.141052054191,0.141723585286,0.141693061146,0.142257757749,0.14277666814,0.143219268181,0.14450128209,0.144730213145,0.145279647678,0.146637971939,0.14752317202,0.148042082412,0.15014824812,0.150743468864,0.152010220703,0.152330724181,0.153017517346,0.154421627819,0.155199993407,0.156420959035,0.157779283296,0.161060628422,0.161610062955,0.161671111236,0.162067925065,0.164540380462,0.166585497889,0.167974346291,0.168416946331,0.168890070512,0.169088477427,0.167302815196,0.168188015276,0.169103739497,0.17050784997,0.171621981105,0.171545670753,0.172079843216,0.173880767517,0.173804457166,0.176475319477,0.178428864482,0.179283540422,0.181328657849,0.183175368362,0.183572182191,0.184579478834,0.184472644341,0.184564216764,0.187235079075,0.187738727397,0.188425520563,0.187769251537,0.188166065367,0.188242375718,0.189325982713,0.190669044904,0.19179843811,0.193126238231,0.194057224522,0.19395039003,0.194881376321,0.198544273206,0.19959735606,0.20087936997,0.201627211417,0.204084404743,0.205366418653,0.207075770532,0.207991494753,0.208907218975,0.209731370774,0.211654391638,0.212829571055,0.213409529728,0.213363743517,0.213272171095,0.215973557547,0.217072426613,0.219315950954,0.221147399397,0.222551509869,0.221986813266,0.224749248,0.22694698613,0.229602586371,0.230899862351,0.231144055477,0.232777097005,0.234333828181,