#plotCorrelation --outFileCorMatrix
	'50k_24h_R2_trim_mapped_sorted_q2_nodup.bam'	'50k_24h_R1_trim_mapped_sorted_q2_nodup.bam'	'50k_24h_R3_trim_mapped_sorted_q2_nodup.bam'	'50k_0h_R2_trim_mapped_sorted_q2_nodup.bam'	'50k_0h_R3_trim_mapped_sorted_q2_nodup.bam'	'50k_0h_R1_trim_mapped_sorted_q2_nodup.bam'
'50k_24h_R2_trim_mapped_sorted_q2_nodup.bam'	1.0000	0.9858	0.9917	0.9467	0.9761	0.9780
'50k_24h_R1_trim_mapped_sorted_q2_nodup.bam'	0.9858	1.0000	0.9900	0.8923	0.9433	0.9446
'50k_24h_R3_trim_mapped_sorted_q2_nodup.bam'	0.9917	0.9900	1.0000	0.9020	0.9438	0.9464
'50k_0h_R2_trim_mapped_sorted_q2_nodup.bam'	0.9467	0.8923	0.9020	1.0000	0.9903	0.9903
'50k_0h_R3_trim_mapped_sorted_q2_nodup.bam'	0.9761	0.9433	0.9438	0.9903	1.0000	0.9997
'50k_0h_R1_trim_mapped_sorted_q2_nodup.bam'	0.9780	0.9446	0.9464	0.9903	0.9997	1.0000
